              precision    recall  f1-score   support

     30000.0       0.88      0.88      0.88      4236
     65000.0       0.94      0.97      0.96     18506
     65030.0       0.80      0.75      0.77      2921
     70000.0       0.86      0.81      0.83      2414
     70032.0       0.95      0.96      0.96       467
     74000.0       0.83      0.15      0.25        34
     80000.0       0.84      0.74      0.78      1366
     86000.0       0.94      0.86      0.90        90
     88000.0       0.98      0.98      0.98       257
     90000.0       0.85      0.71      0.77        58
     99000.0       0.85      0.72      0.78       458

    accuracy                           0.91     30807
   macro avg       0.88      0.77      0.81     30807
weighted avg       0.91      0.91      0.91     30807
